#Exudyn implicit second order time integration solver solution file
#simulation started=2025-12-07,19:31:39
#columns contain: time, ODE2 displacements, ODE2 velocities, ODE2 accelerations
#number of system coordinates [nODE2, nODE1, nAlgebraic, nData] = [14,0,0,0]
#number of written coordinates [nODE2, nVel2, nAcc2, nODE1, nVel1, nAlgebraic, nData] = [14,14,14,0,0,0,0]
#total columns exported  (excl. time) = 42
#number of time steps (planned) = 4000
#Exudyn version = 1.10.0; Python3.11.11; Windows AVX2 FLOAT64
#
0,0,0,0.8,0,0,0,0,0,0,0,-1,-0.1,-0.1,-0.1,0,0,0,0,0,0,0,0,0,0,0,0,0,0,37.41758381,0.0007508667809,-9.81,-0.03015805513,1.244480884e-14,17.84997451,99.36906835,1956.705196,1977.666633,1977.666633,-99.36906835,-49905.30364,-49926.26507,-49926.26507
0.01,0.0004194739025,-2.241569521e-07,0.7995095751,1.238723902e-05,6.220547611e-06,0.00020012527,0.001107785226,0.02193377973,0.02216520614,0.02216528569,-1.00111401,-0.6595780537,-0.6597161428,-0.6597162233,0.04531889895,-4.953768553e-05,-0.09860456731,0.002719858905,0.001341878499,0.02162585459,0.1190127477,2.369394736,2.394377051,2.394408351,-0.1203553067,-60.46551559,-60.47969957,-60.47973098,-0.00233936137,-0.005552320612,-9.916499911,0.3019472166,0.1448695025,-0.0001642414824,-0.1509775625,-0.1446332289,-0.144918957,-0.136882232,0.006100884418,-0.000279378426,6.351094825e-06,-0.008030373945
0.02,0.0008725038178,-1.001804068e-06,0.7980277055,5.488165816e-05,2.68849952e-05,0.0004163693683,0.002290241228,0.0456205078,0.04610171763,0.04610268115,-1.002317135,-1.264233235,-1.264513124,-1.26451409,0.04528287883,-0.0001064038059,-0.1977692202,0.00579705874,0.002791209804,0.02162352979,0.1174655313,2.367951336,2.392924763,2.39308714,-0.1202566862,-60.46552084,-60.47969592,-60.47985841,-0.004864221705,-0.005792237108,-9.916421653,0.312477624,0.1449885896,0.0001493982731,-0.1587200563,-0.1443333628,-0.1452339184,-0.1270623831,0.01388767457,-0.0004304962567,0.0004699914713,-0.01770154385
0.03,0.001052707647,-1.469072863e-06,0.7955712429,8.033416079e-05,3.920125592e-05,0.0005020750819,0.002756808863,0.05506398025,0.05561670313,0.05561619337,-1.002796034,-1.505431899,-1.505010299,-1.505006729,-0.04522588198,0.0001292592154,-0.2912891485,-0.007030718859,-0.003355630555,-0.02161389559,-0.1167045061,-2.36527539,-2.390275682,-2.391210345,0.1200535356,60.40788362,60.43038041,60.43066142,-0.005859616986,-0.005802172172,-9.916209527,0.3133627331,0.1448477218,0.000827257866,-0.1619082536,-0.144338437,-0.1448567069,-0.1226963762,0.0172832288,-0.000133027101,0.0003849238784,-0.02177540786
0.04,0.0006001978197,-4.656202352e-07,0.792162539,2.563213139e-05,1.288593702e-05,0.0002859506091,0.001581809129,0.03140401632,0.03170669605,0.03169777955,-1.001594777,-0.9013530787,-0.9007064824,-0.9007010417,-0.04527188764,7.167533222e-05,-0.3904517862,-0.003921530462,-0.001907596995,-0.02161307903,-0.1182816977,-2.366716953,-2.391726247,-2.392489766,0.1201840821,60.40787929,60.43038393,60.43049379,-0.003341424764,-0.005660786533,-9.916309064,0.3064579141,0.1447497277,-0.0003692870232,-0.1536912679,-0.1441212233,-0.1450987642,-0.1330387324,0.008997558691,-0.0005986772273,0.0003787060172,-0.01168132522
0.05,0.0001473538744,-2.720976893e-08,0.7877622047,1.540842349e-06,1.045194571e-06,6.98124381e-05,0.0003914271034,0.007729625113,0.007782195174,0.007766077586,-1.000392606,-0.2972743006,-0.2964026412,-0.2963965361,-0.04529270077,1.644959148e-05,-0.4896151496,-0.000915257617,-0.0004607952733,-0.02161224294,-0.1197834456,-2.368163688,-2.393171389,-2.393864986,0.1202388012,60.40787882,60.43038187,60.43042181,-0.000820644205,-0.005402547846,-9.91635448,0.2956339041,0.1446035053,0.0009968278939,-0.1469206493,-0.1455487136,-0.1435878365,-0.1416686261,0.002218158036,0.0008870089291,-0.00107363499,-0.002992847867
0.06,0.0002430113968,-7.564150969e-08,0.7823711254,4.212843001e-06,2.440858625e-06,0.0001164634653,0.0006438495169,0.01267754496,0.0128668233,0.01284433175,-1.000646483,-0.4234859209,-0.4247939911,-0.4248019913,0.04526860593,-2.822953045e-05,-0.5886314613,0.001557047078,0.0007810160393,0.02162919451,0.119458826,2.365258936,2.39306704,2.392400126,-0.1202461756,-60.34745901,-60.43015793,-60.43060261,-0.001351999345,-0.005453641953,-9.916245385,0.2977488272,0.1441544444,0.000481068327,-0.147732311,-0.1446355706,-0.1435704653,-0.1395199702,0.003511040513,0.0004172050738,-0.0006481047823,-0.004698605414
0.07,0.0006955878982,-6.350164102e-07,0.7759889993,3.485440891e-05,1.746122074e-05,0.0003327543227,0.00183093984,0.03632292749,0.03679028873,0.0367614989,-1.001848658,-1.026960516,-1.029095578,-1.029108395,0.04524250103,-8.410974761e-05,-0.6877936762,0.004590899075,0.002223286456,0.02162767105,0.1179474203,2.363819223,2.39162429,2.391048365,-0.1201769288,-60.34746171,-60.43015759,-60.43069326,-0.003868413652,-0.005724262775,-9.916188539,0.3092143994,0.1442923596,-0.0002973453535,-0.154827278,-0.1436426979,-0.1446250046,-0.1304834162,0.01062645542,-0.0005604572017,0.0004222612623,-0.01371931685
0.08,0.001142531855,-1.745253736e-06,0.7686155671,9.530353121e-05,4.652415725e-05,0.0005460595935,0.002989269706,0.05970415458,0.06040961631,0.06037562978,-1.003036106,-1.624079961,-1.626061945,-1.626074355,0.03032694405,-8.876151993e-05,-0.7860601086,0.004869224101,0.002521888957,0.01367133412,0.07853864455,1.629668011,1.581828549,1.580810468,-0.08106656075,-41.67668,-39.97195102,-39.96084762,-27.37060516,0.08761657039,-8.23353677,-4.725654861,-2.085211169,-13.71900175,-70.21195955,-1398.19112,-1463.628554,-1464.307369,72.29462471,35678.75623,37019.24562,37027.90848
0.09,0.0007769402691,-7.818972095e-07,0.7603006704,4.297969278e-05,2.209109677e-05,0.0003688126914,0.002045079711,0.04072092258,0.04102521747,0.04097527774,-1.002067597,-1.139496821,-1.135959542,-1.135937726,-0.04525581218,9.371790708e-05,-0.880536829,-0.005114541409,-0.002464522184,-0.02164323055,-0.117624946,-2.364478027,-2.391604206,-2.393115051,0.1200781201,60.35979782,60.44538095,60.44563296,-0.004324597348,-0.005770468892,-9.916273502,0.3113485783,0.1446740581,-0.0001247373446,-0.1566552836,-0.1439703707,-0.1449889898,-0.129036846,0.01210073139,-0.0005562475209,0.0004612207724,-0.01549091464
0.1,0.0003242078973,-1.291945236e-07,0.7509994871,7.22385057e-06,4.677611486e-06,0.0001523665641,0.0008611276088,0.0170689409,0.01710192914,0.01703750995,-1.000866342,-0.5358988701,-0.5315057155,-0.5314820083,-0.04528646399,3.727818151e-05,-0.9796999426,-0.002056124283,-0.001018391082,-0.02164556157,-0.1191531416,-2.365919379,-2.393052315,-2.394454234,0.120160563,60.35979321,60.44538309,60.44552617,-0.001805235382,-0.005505103612,-9.916340181,0.2999652209,0.14454452,0.0001442758199,-0.1492600463,-0.1446251265,-0.1442891033,-0.138462491,0.004673983115,1.854846968e-05,-0.0003169863689,-0.006143603207
0.11,6.568106097e-05,-7.05552848e-09,0.7407069882,4.256034291e-07,1.278542461e-06,3.351280461e-05,0.0001760677354,0.003313947807,0.003566377482,0.003489934429,-1.000177997,-0.1848190694,-0.1897708334,-0.189795766,0.04526364167,-7.473541596e-06,-1.078715204,0.0004182987017,0.0002163709429,0.02157953046,0.1200728891,2.367550351,2.392398607,2.391080788,-0.1203010325,-60.39706389,-60.39482653,-60.39653534,-0.0003652788763,-0.005362387918,-9.916211188,0.2938365726,0.1442212724,0.001471772497,-0.1454771812,-0.1456672655,-0.1427616198,-0.1426723954,0.001132547493,0.001402545329,-0.001504476227,-0.001593730235
0.12,0.0005182597557,-3.529839747e-07,0.7294240259,1.942743083e-05,1.065583088e-05,0.0002493513394,0.001369421843,0.02698187575,0.02748355234,0.02739410229,-1.00138085,-0.7887808273,-0.7937285848,-0.7937707315,0.04524765519,-6.210966808e-05,-1.177877197,0.0033985947,0.00165934594,0.02158410136,0.1185869838,2.366070951,2.390996858,2.389730288,-0.1202585876,-60.39617341,-60.39577889,-60.39753441,-0.00288156489,-0.005594969197,-9.916176958,0.3035255594,0.1443712686,-0.0003464546687,-0.1519716553,-0.1439172937,-0.1446025258,-0.1344113039,0.007629003661,-0.0004625424751,0.0002230765274,-0.009968133693
0.13,0.0009705503277,-1.258070249e-06,0.7171494463,6.877434309e-05,3.44698704e-05,0.0004651793517,0.002547565079,0.05063539477,0.05138628516,0.05128484693,-1.002582925,-1.392742588,-1.397686355,-1.397746734,0.04520627101,-0.0001192385888,-1.277038563,0.006485865355,0.00310364253,0.02158297403,0.1170282796,2.364632753,2.389549824,2.388435531,-0.1201430775,-60.39617819,-60.39577482,-60.39768262,-0.005394967924,-0.005787271564,-9.916087343,0.3123213935,0.1444793382,0.0004968195935,-0.1599788444,-0.1439411887,-0.1445682732,-0.1243116792,0.01569288245,-0.0002308959808,0.0003976331752,-0.01985890508
0.14,0.0009536006703,-1.18450338e-06,0.7039121836,6.500221925e-05,3.386549459e-05,0.0004521627395,0.002506989712,0.05000610977,0.05037022459,0.0502465549,-1.002541892,-1.377025881,-1.371816419,-1.371746772,-0.04524766649,0.0001160487273,-1.370621511,-0.006321058352,-0.003020775854,-0.02164123489,-0.1170110388,-2.364924421,-2.391054262,-2.393339039,0.1200140826,60.38231397,60.44849157,60.44923004,-0.005310091591,-0.005816757692,-9.916283672,0.3137221888,0.1449192057,0.0004482671526,-0.1601403505,-0.1443031332,-0.1450399833,-0.1251680059,0.01540554898,-0.0003233232932,0.000411593851,-0.01946036478
0.15,0.000500900499,-3.125567929e-07,0.6897101526,1.736460802e-05,1.090207722e-05,0.0002357507274,0.001329010589,0.02634965569,0.02645242428,0.02630673178,-1.001341121,-0.7732027671,-0.7673314814,-0.7672552747,-0.04528816832,5.868976367e-05,-1.469784832,-0.0032222146,-0.001572091813,-0.02164248843,-0.1185714528,-2.366366362,-2.392505828,-2.394642491,0.1201268211,60.38230842,60.44849563,60.44908599,-0.002789940959,-0.005613822794,-9.916371487,0.304533027,0.1448089568,-0.0003061510343,-0.1521621966,-0.1443182464,-0.1450223027,-0.1352788025,0.007372166897,-0.0005090664405,0.0001945770475,-0.009548918547
0.16,4.796231141e-05,-1.817638368e-09,0.6745164849,1.7948174e-07,2.419207642e-06,1.938105448e-05,0.000135893038,0.002679359606,0.002523059707,0.002356358367,-1.000139689,-0.1693935781,-0.1629210143,-0.1628402923,-0.04482883582,3.749527642e-06,-1.568949774,-0.0002258566293,-0.000124304941,-0.02111533355,-0.1189735578,-2.358578414,-2.36117489,-2.362886497,0.1190805556,60.16260483,59.61353499,59.6039313,4.759596672,-0.006044045734,-9.925846802,0.3308651783,0.1518970466,4.352358534,11.266368,139.3368666,305.743163,307.7544248,-11.41839118,-3445.738878,-7776.08161,-7830.02302
0.17,0.0003408241904,-1.526199326e-07,0.6583324228,8.468479804e-06,6.55045448e-06,0.0001655717,0.0009068437046,0.01765084654,0.01817759911,0.01799604978,-1.000914948,-0.5510994816,-0.5582963946,-0.5583717833,0.04524815672,-4.071818814e-05,-1.667960603,0.002232874993,0.00109169886,0.02162622828,0.1191661946,2.363724069,2.392711081,2.390621628,-0.1202759501,-60.32278874,-60.4228704,-60.42188608,-0.001894529708,-0.005506962505,-9.916156289,0.2999215649,0.1438639088,5.24149326e-05,-0.1487875874,-0.1439719149,-0.143614766,-0.1374488918,0.004891446656,5.13851679e-05,-0.0003063835875,-0.006472281112
0.18,0.0007931691333,-8.398302002e-07,0.6411570099,4.599075017e-05,2.466298167e-05,0.0003818218818,0.002090949131,0.04128090612,0.04209751063,0.04189554272,-1.002117346,-1.154327384,-1.162525095,-1.162591117,0.04521664446,-9.71729593e-05,-1.767121868,0.005290872763,0.002531022282,0.02162356767,0.117642478,2.362288761,2.391270248,2.389292731,-0.1201910836,-60.32279248,-60.42286861,-60.42199622,-0.004407407047,-0.005768529123,-9.916087818,0.3111856545,0.1439931317,-0.0001039343008,-0.1562288865,-0.1434089951,-0.1442143617,-0.1279993654,0.01236485719,-0.0004224021718,0.0003852413774,-0.01582967198
0.19,0.00112857855,-1.665132202e-06,0.6229971734,9.127585242e-05,4.811130272e-05,0.0005343990121,0.002963876841,0.05922150132,0.0596333858,0.05940691459,-1.003013901,-1.613011699,-1.605514507,-1.605461148,-0.03892451527,0.0001319815903,-1.861079437,-0.007080035958,-0.00292061846,-0.020490601,-0.09918863082,-1.937254353,-2.106216376,-2.110071314,0.1020851163,49.36978456,53.30606921,53.33123462,-18.64818558,0.03483444151,-8.796960348,-2.034382715,-1.578182971,-6.508279249,-49.34606569,-1101.495308,-922.1626273,-921.1095076,50.92323268,28261.10955,23258.67536,23223.29527
0.2,0.000677675296,-5.711335827e-07,0.6038941968,3.167002218e-05,1.979555247e-05,0.0003174674932,0.001797179919,0.03572264582,0.03577642942,0.03551927489,-1.001819123,-1.013174866,-1.002366004,-1.002274012,-0.04525728921,8.034650349e-05,-1.959870378,-0.004397477926,-0.002125775417,-0.02169949517,-0.1178587322,-2.361393944,-2.392381216,-2.395343911,0.1199617797,60.26259165,60.46418625,60.46732827,-0.003770909362,-0.005753332881,-9.916262204,0.310617857,0.1444146332,-0.0003005278196,-0.1546600194,-0.1437045585,-0.144718491,-0.1311603993,0.01032616262,-0.0006347630691,0.0003766247346,-0.01318142869
0.21,0.0002256583886,2.20279314e-06,0.5838082575,-1.277719961e-05,2.88824405e-06,0.0001032626505,0.0006142607338,0.01201303916,0.01156815306,0.0112815048,-1.000619524,-0.4133805431,-0.4082347357,-0.4081108067,-0.04111091204,0.01650130457,-1.981549447,-0.03033589438,-0.06177421165,0.0006135624585,-0.05920649617,-3.908958427,-3.286337587,-3.297931106,0.1209556857,8.012877162,6.7331123,6.757012011,-8.478835544,40.5135327,349.4787778,-82.90021427,-487.4793461,28.52231578,445.6682596,5149.193327,5144.024568,5001.364206,41.80278574,-9610.417305,-9563.552669,-9270.858812
#simulation finished=2025-12-07,19:31:48
#Solver Info: cpuTime=9.42364,stepReductionFailed(or step failed)=0,discontinuousIterationSuccessful=1,newtonSolutionDiverged=0,massMatrixNotInvertible=0,total time steps=3709,total Newton iterations=39599,total Newton jacobians=9554
